$ANSIBLE_VAULT;1.1;AES256
30343564356266373331353161366637313036353462643230383261306661326166373866366131
3061643139333333383161633761313438356437346139340a333362666661666239643038393763
35383266336338363431396465623737373834323962353637346665363166356230393539616266
3632366435383065310a636164636566613734616136363365333165666135343563333934626362
32633734356363363834363666343337353739303039663339313261326231396666623231306131
38383764643039626462626634646632376537346232636137616330643964646363336332626632
38393931356433616131383132353631643732306132343431663035393864346662396238313431
34346433383236303761316633383633353230383763333132633863313061646562663439363832
38336432623236633939643831663834336464643630646137363066346438396539333233626437
64626435613231646261323064613235363637336138643665383831303565336161653031643864
63623232613339363631616237663834653331356233366466363537646265626231323566383530
35373436343964346461663134383764333834303838353734663237646561623031383965353632
39323962303532386466663065333336633733373038366162383632626463376339646130653433
6564643363646265356233623733383938356537656636663432
